0 48 0
16 0 0
32 16 0
48 32 0
1 49 0
17 1 0
33 17 0
49 33 0
2 50 0
18 2 0
34 18 0
50 34 0
3 51 0
19 3 0
35 19 0
51 35 0
4 52 0
20 4 0
36 20 0
52 36 0
5 53 0
21 5 0
37 21 0
53 37 0
6 54 0
22 6 0
38 22 0
54 38 0
7 55 0
23 7 0
39 23 0
55 39 0
8 56 0
24 8 0
40 24 0
56 40 0
9 57 0
25 9 0
41 25 0
57 41 0
10 58 0
26 10 0
42 26 0
58 42 0
11 59 0
27 11 0
43 27 0
59 43 0
12 60 0
28 12 0
44 28 0
60 44 0
13 61 0
29 13 0
45 29 0
61 45 0
14 62 0
30 14 0
46 30 0
62 46 0
15 63 0
31 15 0
47 31 0
63 47 0
0 48 1
16 0 1
32 16 1
48 32 1
1 49 1
17 1 1
33 17 1
49 33 1
2 50 1
18 2 1
34 18 1
50 34 1
3 51 1
19 3 1
35 19 1
51 35 1
4 52 1
20 4 1
36 20 1
52 36 1
5 53 1
21 5 1
37 21 1
53 37 1
6 54 1
22 6 1
38 22 1
54 38 1
7 55 1
23 7 1
39 23 1
55 39 1
8 56 1
24 8 1
40 24 1
56 40 1
9 57 1
25 9 1
41 25 1
57 41 1
10 58 1
26 10 1
42 26 1
58 42 1
11 59 1
27 11 1
43 27 1
59 43 1
12 60 1
28 12 1
44 28 1
60 44 1
13 61 1
29 13 1
45 29 1
61 45 1
14 62 1
30 14 1
46 30 1
62 46 1
15 63 1
31 15 1
47 31 1
63 47 1
0 48 2
16 0 2
32 16 2
48 32 2
1 49 2
17 1 2
33 17 2
49 33 2
2 50 2
18 2 2
34 18 2
50 34 2
3 51 2
19 3 2
35 19 2
51 35 2
4 52 2
20 4 2
36 20 2
52 36 2
5 53 2
21 5 2
37 21 2
53 37 2
6 54 2
22 6 2
38 22 2
54 38 2
7 55 2
23 7 2
39 23 2
55 39 2
8 56 2
24 8 2
40 24 2
56 40 2
9 57 2
25 9 2
41 25 2
57 41 2
10 58 2
26 10 2
42 26 2
58 42 2
11 59 2
27 11 2
43 27 2
59 43 2
12 60 2
28 12 2
44 28 2
60 44 2
13 61 2
29 13 2
45 29 2
61 45 2
14 62 2
30 14 2
46 30 2
62 46 2
15 63 2
31 15 2
47 31 2
63 47 2
0 48 3
16 0 3
32 16 3
48 32 3
1 49 3
17 1 3
33 17 3
49 33 3
2 50 3
18 2 3
34 18 3
50 34 3
3 51 3
19 3 3
35 19 3
51 35 3
4 52 3
20 4 3
36 20 3
52 36 3
5 53 3
21 5 3
37 21 3
53 37 3
6 54 3
22 6 3
38 22 3
54 38 3
7 55 3
23 7 3
39 23 3
55 39 3
8 56 3
24 8 3
40 24 3
56 40 3
9 57 3
25 9 3
41 25 3
57 41 3
10 58 3
26 10 3
42 26 3
58 42 3
11 59 3
27 11 3
43 27 3
59 43 3
12 60 3
28 12 3
44 28 3
60 44 3
13 61 3
29 13 3
45 29 3
61 45 3
14 62 3
30 14 3
46 30 3
62 46 3
15 63 3
31 15 3
47 31 3
63 47 3
0 48 4
16 0 4
32 16 4
48 32 4
1 49 4
17 1 4
33 17 4
49 33 4
2 50 4
18 2 4
34 18 4
50 34 4
3 51 4
19 3 4
35 19 4
51 35 4
4 52 4
20 4 4
36 20 4
52 36 4
5 53 4
21 5 4
37 21 4
53 37 4
6 54 4
22 6 4
38 22 4
54 38 4
7 55 4
23 7 4
39 23 4
55 39 4
8 56 4
24 8 4
40 24 4
56 40 4
9 57 4
25 9 4
41 25 4
57 41 4
10 58 4
26 10 4
42 26 4
58 42 4
11 59 4
27 11 4
43 27 4
59 43 4
12 60 4
28 12 4
44 28 4
60 44 4
13 61 4
29 13 4
45 29 4
61 45 4
14 62 4
30 14 4
46 30 4
62 46 4
15 63 4
31 15 4
47 31 4
63 47 4
0 48 5
16 0 5
32 16 5
48 32 5
1 49 5
17 1 5
33 17 5
49 33 5
2 50 5
18 2 5
34 18 5
50 34 5
3 51 5
19 3 5
35 19 5
51 35 5
4 52 5
20 4 5
36 20 5
52 36 5
5 53 5
21 5 5
37 21 5
53 37 5
6 54 5
22 6 5
38 22 5
54 38 5
7 55 5
23 7 5
39 23 5
55 39 5
8 56 5
24 8 5
40 24 5
56 40 5
9 57 5
25 9 5
41 25 5
57 41 5
10 58 5
26 10 5
42 26 5
58 42 5
11 59 5
27 11 5
43 27 5
59 43 5
12 60 5
28 12 5
44 28 5
60 44 5
13 61 5
29 13 5
45 29 5
61 45 5
14 62 5
30 14 5
46 30 5
62 46 5
15 63 5
31 15 5
47 31 5
63 47 5
0 48 6
16 0 6
32 16 6
48 32 6
1 49 6
17 1 6
33 17 6
49 33 6
2 50 6
18 2 6
34 18 6
50 34 6
3 51 6
19 3 6
35 19 6
51 35 6
4 52 6
20 4 6
36 20 6
52 36 6
5 53 6
21 5 6
37 21 6
53 37 6
6 54 6
22 6 6
38 22 6
54 38 6
7 55 6
23 7 6
39 23 6
55 39 6
8 56 6
24 8 6
40 24 6
56 40 6
9 57 6
25 9 6
41 25 6
57 41 6
10 58 6
26 10 6
42 26 6
58 42 6
11 59 6
27 11 6
43 27 6
59 43 6
12 60 6
28 12 6
44 28 6
60 44 6
13 61 6
29 13 6
45 29 6
61 45 6
14 62 6
30 14 6
46 30 6
62 46 6
15 63 6
31 15 6
47 31 6
63 47 6
0 48 7
16 0 7
32 16 7
48 32 7
1 49 7
17 1 7
33 17 7
49 33 7
2 50 7
18 2 7
34 18 7
50 34 7
3 51 7
19 3 7
35 19 7
51 35 7
4 52 7
20 4 7
36 20 7
52 36 7
5 53 7
21 5 7
37 21 7
53 37 7
6 54 7
22 6 7
38 22 7
54 38 7
7 55 7
23 7 7
39 23 7
55 39 7
8 56 7
24 8 7
40 24 7
56 40 7
9 57 7
25 9 7
41 25 7
57 41 7
10 58 7
26 10 7
42 26 7
58 42 7
11 59 7
27 11 7
43 27 7
59 43 7
12 60 7
28 12 7
44 28 7
60 44 7
13 61 7
29 13 7
45 29 7
61 45 7
14 62 7
30 14 7
46 30 7
62 46 7
15 63 7
31 15 7
47 31 7
63 47 7
0 48 8
16 0 8
32 16 8
48 32 8
1 49 8
17 1 8
33 17 8
49 33 8
2 50 8
18 2 8
34 18 8
50 34 8
3 51 8
19 3 8
35 19 8
51 35 8
4 52 8
20 4 8
36 20 8
52 36 8
5 53 8
21 5 8
37 21 8
53 37 8
6 54 8
22 6 8
38 22 8
54 38 8
7 55 8
23 7 8
39 23 8
55 39 8
8 56 8
24 8 8
40 24 8
56 40 8
9 57 8
25 9 8
41 25 8
57 41 8
10 58 8
26 10 8
42 26 8
58 42 8
11 59 8
27 11 8
43 27 8
59 43 8
12 60 8
28 12 8
44 28 8
60 44 8
13 61 8
29 13 8
45 29 8
61 45 8
14 62 8
30 14 8
46 30 8
62 46 8
15 63 8
31 15 8
47 31 8
63 47 8
0 48 9
16 0 9
32 16 9
48 32 9
1 49 9
17 1 9
33 17 9
49 33 9
2 50 9
18 2 9
34 18 9
50 34 9
3 51 9
19 3 9
35 19 9
51 35 9
4 52 9
20 4 9
36 20 9
52 36 9
5 53 9
21 5 9
37 21 9
53 37 9
6 54 9
22 6 9
38 22 9
54 38 9
7 55 9
23 7 9
39 23 9
55 39 9
8 56 9
24 8 9
40 24 9
56 40 9
9 57 9
25 9 9
41 25 9
57 41 9
10 58 9
26 10 9
42 26 9
58 42 9
11 59 9
27 11 9
43 27 9
59 43 9
12 60 9
28 12 9
44 28 9
60 44 9
13 61 9
29 13 9
45 29 9
61 45 9
14 62 9
30 14 9
46 30 9
62 46 9
15 63 9
31 15 9
47 31 9
63 47 9
0 48 10
16 0 10
32 16 10
48 32 10
1 49 10
17 1 10
33 17 10
49 33 10
2 50 10
18 2 10
34 18 10
50 34 10
3 51 10
19 3 10
35 19 10
51 35 10
4 52 10
20 4 10
36 20 10
52 36 10
5 53 10
21 5 10
37 21 10
53 37 10
6 54 10
22 6 10
38 22 10
54 38 10
7 55 10
23 7 10
39 23 10
55 39 10
8 56 10
24 8 10
40 24 10
56 40 10
9 57 10
25 9 10
41 25 10
57 41 10
10 58 10
26 10 10
42 26 10
58 42 10
11 59 10
27 11 10
43 27 10
59 43 10
12 60 10
28 12 10
44 28 10
60 44 10
13 61 10
29 13 10
45 29 10
61 45 10
14 62 10
30 14 10
46 30 10
62 46 10
15 63 10
31 15 10
47 31 10
63 47 10
0 48 11
16 0 11
32 16 11
48 32 11
1 49 11
17 1 11
33 17 11
49 33 11
2 50 11
18 2 11
34 18 11
50 34 11
3 51 11
19 3 11
35 19 11
51 35 11
4 52 11
20 4 11
36 20 11
52 36 11
5 53 11
21 5 11
37 21 11
53 37 11
6 54 11
22 6 11
38 22 11
54 38 11
7 55 11
23 7 11
39 23 11
55 39 11
8 56 11
24 8 11
40 24 11
56 40 11
9 57 11
25 9 11
41 25 11
57 41 11
10 58 11
26 10 11
42 26 11
58 42 11
11 59 11
27 11 11
43 27 11
59 43 11
12 60 11
28 12 11
44 28 11
60 44 11
13 61 11
29 13 11
45 29 11
61 45 11
14 62 11
30 14 11
46 30 11
62 46 11
15 63 11
31 15 11
47 31 11
63 47 11
0 48 12
16 0 12
32 16 12
48 32 12
1 49 12
17 1 12
33 17 12
49 33 12
2 50 12
18 2 12
34 18 12
50 34 12
3 51 12
19 3 12
35 19 12
51 35 12
4 52 12
20 4 12
36 20 12
52 36 12
5 53 12
21 5 12
37 21 12
53 37 12
6 54 12
22 6 12
38 22 12
54 38 12
7 55 12
23 7 12
39 23 12
55 39 12
8 56 12
24 8 12
40 24 12
56 40 12
9 57 12
25 9 12
41 25 12
57 41 12
10 58 12
26 10 12
42 26 12
58 42 12
11 59 12
27 11 12
43 27 12
59 43 12
12 60 12
28 12 12
44 28 12
60 44 12
13 61 12
29 13 12
45 29 12
61 45 12
14 62 12
30 14 12
46 30 12
62 46 12
15 63 12
31 15 12
47 31 12
63 47 12
0 48 13
16 0 13
32 16 13
48 32 13
1 49 13
17 1 13
33 17 13
49 33 13
2 50 13
18 2 13
34 18 13
50 34 13
3 51 13
19 3 13
35 19 13
51 35 13
4 52 13
20 4 13
36 20 13
52 36 13
5 53 13
21 5 13
37 21 13
53 37 13
6 54 13
22 6 13
38 22 13
54 38 13
7 55 13
23 7 13
39 23 13
55 39 13
8 56 13
24 8 13
40 24 13
56 40 13
9 57 13
25 9 13
41 25 13
57 41 13
10 58 13
26 10 13
42 26 13
58 42 13
11 59 13
27 11 13
43 27 13
59 43 13
12 60 13
28 12 13
44 28 13
60 44 13
13 61 13
29 13 13
45 29 13
61 45 13
14 62 13
30 14 13
46 30 13
62 46 13
15 63 13
31 15 13
47 31 13
63 47 13
0 48 14
16 0 14
32 16 14
48 32 14
1 49 14
17 1 14
33 17 14
49 33 14
2 50 14
18 2 14
34 18 14
50 34 14
3 51 14
19 3 14
35 19 14
51 35 14
4 52 14
20 4 14
36 20 14
52 36 14
5 53 14
21 5 14
37 21 14
53 37 14
6 54 14
22 6 14
38 22 14
54 38 14
7 55 14
23 7 14
39 23 14
55 39 14
8 56 14
24 8 14
40 24 14
56 40 14
9 57 14
25 9 14
41 25 14
57 41 14
10 58 14
26 10 14
42 26 14
58 42 14
11 59 14
27 11 14
43 27 14
59 43 14
12 60 14
28 12 14
44 28 14
60 44 14
13 61 14
29 13 14
45 29 14
61 45 14
14 62 14
30 14 14
46 30 14
62 46 14
15 63 14
31 15 14
47 31 14
63 47 14
0 48 15
16 0 15
32 16 15
48 32 15
1 49 15
17 1 15
33 17 15
49 33 15
2 50 15
18 2 15
34 18 15
50 34 15
3 51 15
19 3 15
35 19 15
51 35 15
4 52 15
20 4 15
36 20 15
52 36 15
5 53 15
21 5 15
37 21 15
53 37 15
6 54 15
22 6 15
38 22 15
54 38 15
7 55 15
23 7 15
39 23 15
55 39 15
8 56 15
24 8 15
40 24 15
56 40 15
9 57 15
25 9 15
41 25 15
57 41 15
10 58 15
26 10 15
42 26 15
58 42 15
11 59 15
27 11 15
43 27 15
59 43 15
12 60 15
28 12 15
44 28 15
60 44 15
13 61 15
29 13 15
45 29 15
61 45 15
14 62 15
30 14 15
46 30 15
62 46 15
15 63 15
31 15 15
47 31 15
63 47 15
0 48 16
16 0 16
32 16 16
48 32 16
1 49 16
17 1 16
33 17 16
49 33 16
2 50 16
18 2 16
34 18 16
50 34 16
3 51 16
19 3 16
35 19 16
51 35 16
4 52 16
20 4 16
36 20 16
52 36 16
5 53 16
21 5 16
37 21 16
53 37 16
6 54 16
22 6 16
38 22 16
54 38 16
7 55 16
23 7 16
39 23 16
55 39 16
8 56 16
24 8 16
40 24 16
56 40 16
9 57 16
25 9 16
41 25 16
57 41 16
10 58 16
26 10 16
42 26 16
58 42 16
11 59 16
27 11 16
43 27 16
59 43 16
12 60 16
28 12 16
44 28 16
60 44 16
13 61 16
29 13 16
45 29 16
61 45 16
14 62 16
30 14 16
46 30 16
62 46 16
15 63 16
31 15 16
47 31 16
63 47 16
0 48 17
16 0 17
32 16 17
48 32 17
1 49 17
17 1 17
33 17 17
49 33 17
2 50 17
18 2 17
34 18 17
50 34 17
3 51 17
19 3 17
35 19 17
51 35 17
4 52 17
20 4 17
36 20 17
52 36 17
5 53 17
21 5 17
37 21 17
53 37 17
6 54 17
22 6 17
38 22 17
54 38 17
7 55 17
23 7 17
39 23 17
55 39 17
8 56 17
24 8 17
40 24 17
56 40 17
9 57 17
25 9 17
41 25 17
57 41 17
10 58 17
26 10 17
42 26 17
58 42 17
11 59 17
27 11 17
43 27 17
59 43 17
12 60 17
28 12 17
44 28 17
60 44 17
13 61 17
29 13 17
45 29 17
61 45 17
14 62 17
30 14 17
46 30 17
62 46 17
15 63 17
31 15 17
47 31 17
63 47 17
0 48 18
16 0 18
32 16 18
48 32 18
1 49 18
17 1 18
33 17 18
49 33 18
2 50 18
18 2 18
34 18 18
50 34 18
3 51 18
19 3 18
35 19 18
51 35 18
4 52 18
20 4 18
36 20 18
52 36 18
5 53 18
21 5 18
37 21 18
53 37 18
6 54 18
22 6 18
38 22 18
54 38 18
7 55 18
23 7 18
39 23 18
55 39 18
8 56 18
24 8 18
40 24 18
56 40 18
9 57 18
25 9 18
41 25 18
57 41 18
10 58 18
26 10 18
42 26 18
58 42 18
11 59 18
27 11 18
43 27 18
59 43 18
12 60 18
28 12 18
44 28 18
60 44 18
13 61 18
29 13 18
45 29 18
61 45 18
14 62 18
30 14 18
46 30 18
62 46 18
15 63 18
31 15 18
47 31 18
63 47 18
0 48 19
16 0 19
32 16 19
48 32 19
1 49 19
17 1 19
33 17 19
49 33 19
2 50 19
18 2 19
34 18 19
50 34 19
3 51 19
19 3 19
35 19 19
51 35 19
4 52 19
20 4 19
36 20 19
52 36 19
5 53 19
21 5 19
37 21 19
53 37 19
6 54 19
22 6 19
38 22 19
54 38 19
7 55 19
23 7 19
39 23 19
55 39 19
8 56 19
24 8 19
40 24 19
56 40 19
9 57 19
25 9 19
41 25 19
57 41 19
10 58 19
26 10 19
42 26 19
58 42 19
11 59 19
27 11 19
43 27 19
59 43 19
12 60 19
28 12 19
44 28 19
60 44 19
13 61 19
29 13 19
45 29 19
61 45 19
14 62 19
30 14 19
46 30 19
62 46 19
15 63 19
31 15 19
47 31 19
63 47 19
0 48 20
16 0 20
32 16 20
48 32 20
1 49 20
17 1 20
33 17 20
49 33 20
2 50 20
18 2 20
34 18 20
50 34 20
3 51 20
19 3 20
35 19 20
51 35 20
4 52 20
20 4 20
36 20 20
52 36 20
5 53 20
21 5 20
37 21 20
53 37 20
6 54 20
22 6 20
38 22 20
54 38 20
7 55 20
23 7 20
39 23 20
55 39 20
8 56 20
24 8 20
40 24 20
56 40 20
9 57 20
25 9 20
41 25 20
57 41 20
10 58 20
26 10 20
42 26 20
58 42 20
11 59 20
27 11 20
43 27 20
59 43 20
12 60 20
28 12 20
44 28 20
60 44 20
13 61 20
29 13 20
45 29 20
61 45 20
14 62 20
30 14 20
46 30 20
62 46 20
15 63 20
31 15 20
47 31 20
63 47 20
0 48 21
16 0 21
32 16 21
48 32 21
1 49 21
17 1 21
33 17 21
49 33 21
2 50 21
18 2 21
34 18 21
50 34 21
3 51 21
19 3 21
35 19 21
51 35 21
4 52 21
20 4 21
36 20 21
52 36 21
5 53 21
21 5 21
37 21 21
53 37 21
6 54 21
22 6 21
38 22 21
54 38 21
7 55 21
23 7 21
39 23 21
55 39 21
8 56 21
24 8 21
40 24 21
56 40 21
9 57 21
25 9 21
41 25 21
57 41 21
10 58 21
26 10 21
42 26 21
58 42 21
11 59 21
27 11 21
43 27 21
59 43 21
12 60 21
28 12 21
44 28 21
60 44 21
13 61 21
29 13 21
45 29 21
61 45 21
14 62 21
30 14 21
46 30 21
62 46 21
15 63 21
31 15 21
47 31 21
63 47 21
0 48 22
16 0 22
32 16 22
48 32 22
1 49 22
17 1 22
33 17 22
49 33 22
2 50 22
18 2 22
34 18 22
50 34 22
3 51 22
19 3 22
35 19 22
51 35 22
4 52 22
20 4 22
36 20 22
52 36 22
5 53 22
21 5 22
37 21 22
53 37 22
6 54 22
22 6 22
38 22 22
54 38 22
7 55 22
23 7 22
39 23 22
55 39 22
8 56 22
24 8 22
40 24 22
56 40 22
9 57 22
25 9 22
41 25 22
57 41 22
10 58 22
26 10 22
42 26 22
58 42 22
11 59 22
27 11 22
43 27 22
59 43 22
12 60 22
28 12 22
44 28 22
60 44 22
13 61 22
29 13 22
45 29 22
61 45 22
14 62 22
30 14 22
46 30 22
62 46 22
15 63 22
31 15 22
47 31 22
63 47 22
0 48 23
16 0 23
32 16 23
48 32 23
1 49 23
17 1 23
33 17 23
49 33 23
2 50 23
18 2 23
34 18 23
50 34 23
3 51 23
19 3 23
35 19 23
51 35 23
4 52 23
20 4 23
36 20 23
52 36 23
5 53 23
21 5 23
37 21 23
53 37 23
6 54 23
22 6 23
38 22 23
54 38 23
7 55 23
23 7 23
39 23 23
55 39 23
8 56 23
24 8 23
40 24 23
56 40 23
9 57 23
25 9 23
41 25 23
57 41 23
10 58 23
26 10 23
42 26 23
58 42 23
11 59 23
27 11 23
43 27 23
59 43 23
12 60 23
28 12 23
44 28 23
60 44 23
13 61 23
29 13 23
45 29 23
61 45 23
14 62 23
30 14 23
46 30 23
62 46 23
15 63 23
31 15 23
47 31 23
63 47 23
0 48 24
16 0 24
32 16 24
48 32 24
1 49 24
17 1 24
33 17 24
49 33 24
2 50 24
18 2 24
34 18 24
50 34 24
3 51 24
19 3 24
35 19 24
51 35 24
4 52 24
20 4 24
36 20 24
52 36 24
5 53 24
21 5 24
37 21 24
53 37 24
6 54 24
22 6 24
38 22 24
54 38 24
7 55 24
23 7 24
39 23 24
55 39 24
8 56 24
24 8 24
40 24 24
56 40 24
9 57 24
25 9 24
41 25 24
57 41 24
10 58 24
26 10 24
42 26 24
58 42 24
11 59 24
27 11 24
43 27 24
59 43 24
12 60 24
28 12 24
44 28 24
60 44 24
13 61 24
29 13 24
45 29 24
61 45 24
14 62 24
30 14 24
46 30 24
62 46 24
15 63 24
31 15 24
47 31 24
63 47 24
0 48 25
16 0 25
32 16 25
48 32 25
1 49 25
17 1 25
33 17 25
49 33 25
2 50 25
18 2 25
34 18 25
50 34 25
3 51 25
19 3 25
35 19 25
51 35 25
4 52 25
20 4 25
36 20 25
52 36 25
5 53 25
21 5 25
37 21 25
53 37 25
6 54 25
22 6 25
38 22 25
54 38 25
7 55 25
23 7 25
39 23 25
55 39 25
8 56 25
24 8 25
40 24 25
56 40 25
9 57 25
25 9 25
41 25 25
57 41 25
10 58 25
26 10 25
42 26 25
58 42 25
11 59 25
27 11 25
43 27 25
59 43 25
12 60 25
28 12 25
44 28 25
60 44 25
13 61 25
29 13 25
45 29 25
61 45 25
14 62 25
30 14 25
46 30 25
62 46 25
15 63 25
31 15 25
47 31 25
63 47 25
0 48 26
16 0 26
32 16 26
48 32 26
1 49 26
17 1 26
33 17 26
49 33 26
2 50 26
18 2 26
34 18 26
50 34 26
3 51 26
19 3 26
35 19 26
51 35 26
4 52 26
20 4 26
36 20 26
52 36 26
5 53 26
21 5 26
37 21 26
53 37 26
6 54 26
22 6 26
38 22 26
54 38 26
7 55 26
23 7 26
39 23 26
55 39 26
8 56 26
24 8 26
40 24 26
56 40 26
9 57 26
25 9 26
41 25 26
57 41 26
10 58 26
26 10 26
42 26 26
58 42 26
11 59 26
27 11 26
43 27 26
59 43 26
12 60 26
28 12 26
44 28 26
60 44 26
13 61 26
29 13 26
45 29 26
61 45 26
14 62 26
30 14 26
46 30 26
62 46 26
15 63 26
31 15 26
47 31 26
63 47 26
0 48 27
16 0 27
32 16 27
48 32 27
1 49 27
17 1 27
33 17 27
49 33 27
2 50 27
18 2 27
34 18 27
50 34 27
3 51 27
19 3 27
35 19 27
51 35 27
4 52 27
20 4 27
36 20 27
52 36 27
5 53 27
21 5 27
37 21 27
53 37 27
6 54 27
22 6 27
38 22 27
54 38 27
7 55 27
23 7 27
39 23 27
55 39 27
8 56 27
24 8 27
40 24 27
56 40 27
9 57 27
25 9 27
41 25 27
57 41 27
10 58 27
26 10 27
42 26 27
58 42 27
11 59 27
27 11 27
43 27 27
59 43 27
12 60 27
28 12 27
44 28 27
60 44 27
13 61 27
29 13 27
45 29 27
61 45 27
14 62 27
30 14 27
46 30 27
62 46 27
15 63 27
31 15 27
47 31 27
63 47 27
0 48 28
16 0 28
32 16 28
48 32 28
1 49 28
17 1 28
33 17 28
49 33 28
2 50 28
18 2 28
34 18 28
50 34 28
3 51 28
19 3 28
35 19 28
51 35 28
4 52 28
20 4 28
36 20 28
52 36 28
5 53 28
21 5 28
37 21 28
53 37 28
6 54 28
22 6 28
38 22 28
54 38 28
7 55 28
23 7 28
39 23 28
55 39 28
8 56 28
24 8 28
40 24 28
56 40 28
9 57 28
25 9 28
41 25 28
57 41 28
10 58 28
26 10 28
42 26 28
58 42 28
11 59 28
27 11 28
43 27 28
59 43 28
12 60 28
28 12 28
44 28 28
60 44 28
13 61 28
29 13 28
45 29 28
61 45 28
14 62 28
30 14 28
46 30 28
62 46 28
15 63 28
31 15 28
47 31 28
63 47 28
0 48 29
16 0 29
32 16 29
48 32 29
1 49 29
17 1 29
33 17 29
49 33 29
2 50 29
18 2 29
34 18 29
50 34 29
3 51 29
19 3 29
35 19 29
51 35 29
4 52 29
20 4 29
36 20 29
52 36 29
5 53 29
21 5 29
37 21 29
53 37 29
6 54 29
22 6 29
38 22 29
54 38 29
7 55 29
23 7 29
39 23 29
55 39 29
8 56 29
24 8 29
40 24 29
56 40 29
9 57 29
25 9 29
41 25 29
57 41 29
10 58 29
26 10 29
42 26 29
58 42 29
11 59 29
27 11 29
43 27 29
59 43 29
12 60 29
28 12 29
44 28 29
60 44 29
13 61 29
29 13 29
45 29 29
61 45 29
14 62 29
30 14 29
46 30 29
62 46 29
15 63 29
31 15 29
47 31 29
63 47 29
0 48 30
16 0 30
32 16 30
48 32 30
1 49 30
17 1 30
33 17 30
49 33 30
2 50 30
18 2 30
34 18 30
50 34 30
3 51 30
19 3 30
35 19 30
51 35 30
4 52 30
20 4 30
36 20 30
52 36 30
5 53 30
21 5 30
37 21 30
53 37 30
6 54 30
22 6 30
38 22 30
54 38 30
7 55 30
23 7 30
39 23 30
55 39 30
8 56 30
24 8 30
40 24 30
56 40 30
9 57 30
25 9 30
41 25 30
57 41 30
10 58 30
26 10 30
42 26 30
58 42 30
11 59 30
27 11 30
43 27 30
59 43 30
12 60 30
28 12 30
44 28 30
60 44 30
13 61 30
29 13 30
45 29 30
61 45 30
14 62 30
30 14 30
46 30 30
62 46 30
15 63 30
31 15 30
47 31 30
63 47 30
0 48 31
16 0 31
32 16 31
48 32 31
1 49 31
17 1 31
33 17 31
49 33 31
2 50 31
18 2 31
34 18 31
50 34 31
3 51 31
19 3 31
35 19 31
51 35 31
4 52 31
20 4 31
36 20 31
52 36 31
5 53 31
21 5 31
37 21 31
53 37 31
6 54 31
22 6 31
38 22 31
54 38 31
7 55 31
23 7 31
39 23 31
55 39 31
8 56 31
24 8 31
40 24 31
56 40 31
9 57 31
25 9 31
41 25 31
57 41 31
10 58 31
26 10 31
42 26 31
58 42 31
11 59 31
27 11 31
43 27 31
59 43 31
12 60 31
28 12 31
44 28 31
60 44 31
13 61 31
29 13 31
45 29 31
61 45 31
14 62 31
30 14 31
46 30 31
62 46 31
15 63 31
31 15 31
47 31 31
63 47 31
